528,674,[152, 231]
216,[185, 17]
211,[158, 20]
205,[171, 26]
202,[196, 33]
197,[118, 36]
192,[178, 40]
192,[179, 40]
194,[195, 41]
203,[231, 43]
185,[128, 47]
190,[97, 49]
171,[151, 60]
184,[230, 64]
169,[185, 65]
180,[74, 68]
167,[109, 69]
174,[70, 77]
151,[152, 80]
157,[203, 82]
148,[143, 83]
154,[100, 85]
149,[197, 88]
153,[208, 88]
143,[120, 91]
143,[104, 96]
145,[87, 101]
179,[280, 105]
124,[159, 107]
133,[98, 109]
151,[61, 110]
120,[127, 113]
177,[285, 114]
154,[254, 115]
114,[133, 118]
118,[186, 118]
152,[257, 121]
131,[227, 123]
168,[284, 127]
142,[49, 133]
166,[287, 133]
110,[204, 134]
109,[204, 135]
113,[87, 138]
112,[87, 139]
101,[195, 139]
123,[235, 139]
116,[224, 140]
95,[186, 142]
96,[111, 144]
91,[187, 146]
125,[245, 146]
99,[209, 150]
116,[237, 151]
154,[285, 152]
92,[203, 154]
126,[50, 156]
79,[178, 156]
121,[248, 156]
74,[145, 157]
77,[120, 160]
138,[32, 162]
80,[110, 162]
122,[50, 163]
117,[56, 163]
121,[49, 167]
100,[230, 168]
62,[153, 169]
109,[61, 170]
109,[61, 171]
82,[96, 171]
105,[64, 172]
125,[41, 173]
105,[64, 173]
63,[127, 173]
124,[41, 175]
122,[43, 176]
124,[40, 177]
64,[116, 177]
105,[61, 178]
102,[64, 179]
111,[53, 180]
104,[61, 180]
77,[93, 181]
50,[151, 181]
75,[209, 181]
115,[47, 182]
115,[47, 183]
78,[89, 184]
93,[71, 185]
100,[62, 186]
45,[157, 186]
139,[284, 186]
113,[47, 187]
123,[269, 191]
95,[65, 192]
80,[81, 193]
124,[33, 194]
101,[58, 194]
86,[74, 194]
82,[78, 194]
100,[58, 195]
94,[65, 195]
107,[50, 197]
81,[78, 197]
102,[55, 198]
88,[69, 199]
33,[162, 199]
101,[55, 200]
87,[70, 200]
82,[76, 200]
31,[153, 200]
79,[78, 202]
72,[86, 202]
81,[75, 203]
33,[134, 203]
55,[104, 204]
121,[33, 205]
80,[76, 205]
96,[59, 206]
95,[60, 206]
89,[66, 207]
88,[67, 207]
79,[76, 207]
74,[82, 207]
98,[248, 207]
72,[83, 208]
116,[38, 209]
97,[57, 209]
49,[196, 209]
97,[57, 210]
83,[71, 210]
90,[64, 211]
64,[90, 212]
23,[139, 212]
128,[279, 212]
130,[23, 213]
110,[43, 214]
103,[50, 214]
74,[79, 214]
106,[47, 215]
92,[61, 215]
66,[87, 215]
31,[125, 215]
16,[152, 215]
113,[39, 216]
98,[55, 217]
76,[77, 217]
70,[83, 217]
106,[46, 218]
97,[55, 218]
83,[70, 218]
60,[93, 218]
90,[62, 219]
70,[83, 219]
117,[269, 219]
100,[52, 220]
64,[216, 220]
66,[86, 221]
50,[102, 221]
145,[297, 221]
87,[65, 222]
67,[85, 222]
59,[93, 222]
18,[136, 222]
15,[165, 223]
103,[49, 224]
62,[90, 224]
120,[32, 225]
43,[195, 225]
78,[74, 227]
97,[55, 228]
72,[80, 228]
105,[47, 229]
78,[74, 233]
94,[58, 234]
13,[165, 235]
108,[44, 236]
111,[41, 237]
152,[304, 237]
93,[59, 238]
42,[194, 239]
131,[21, 240]
90,[62, 240]
80,[72, 240]
73,[79, 240]
73,[79, 241]
70,[82, 241]
42,[193, 241]
100,[252, 241]
109,[43, 242]
72,[80, 243]
49,[200, 243]
43,[193, 244]
97,[56, 245]
38,[187, 246]
53,[101, 247]
44,[193, 248]
148,[300, 248]
88,[65, 249]
63,[91, 250]
45,[193, 250]
102,[51, 251]
33,[125, 251]
20,[158, 251]
39,[186, 251]
58,[97, 252]
69,[218, 252]
94,[244, 252]
67,[88, 253]
59,[97, 253]
53,[103, 253]
50,[107, 253]
69,[218, 253]
72,[221, 253]
123,[273, 254]
85,[70, 255]
69,[87, 255]
52,[105, 255]
24,[155, 255]
25,[155, 256]
42,[186, 256]
53,[199, 256]
69,[217, 256]
161,[312, 256]
71,[85, 257]
95,[60, 258]
74,[83, 258]
55,[104, 258]
31,[168, 258]
99,[57, 259]
70,[87, 259]
41,[183, 259]
51,[195, 259]
164,[314, 259]
91,[65, 260]
72,[86, 260]
164,[314, 260]
31,[142, 261]
30,[153, 261]
37,[175, 261]
43,[182, 262]
48,[189, 262]
76,[83, 263]
76,[83, 264]
61,[100, 264]
35,[138, 264]
34,[161, 264]
85,[74, 265]
63,[98, 265]
46,[121, 265]
40,[174, 265]
45,[182, 265]
78,[82, 266]
72,[88, 266]
71,[90, 266]
35,[158, 266]
44,[179, 266]
54,[194, 266]
65,[97, 267]
49,[118, 267]
36,[151, 267]
57,[197, 267]
75,[86, 268]
42,[172, 268]
105,[251, 268]
56,[194, 269]
58,[196, 269]
90,[70, 270]
51,[118, 270]
39,[147, 270]
54,[115, 271]
48,[180, 271]
56,[192, 271]
97,[64, 272]
95,[66, 272]
88,[74, 272]
48,[127, 272]
59,[195, 272]
79,[84, 273]
74,[90, 273]
55,[116, 273]
45,[169, 273]
75,[90, 274]
56,[116, 274]
51,[124, 274]
64,[199, 275]
92,[71, 276]
60,[112, 276]
80,[86, 277]
78,[89, 277]
56,[119, 277]
60,[191, 277]
131,[275, 277]
91,[73, 278]
67,[104, 278]
67,[199, 279]
90,[229, 279]
100,[240, 279]
132,[276, 279]
111,[52, 280]
101,[63, 280]
89,[77, 280]
130,[273, 280]
90,[77, 281]
84,[220, 281]
80,[90, 282]
63,[189, 282]
130,[272, 282]
131,[273, 282]
83,[87, 283]
73,[100, 283]
57,[128, 283]
92,[228, 283]
100,[238, 283]
109,[248, 283]
135,[277, 283]
93,[75, 284]
82,[89, 284]
75,[98, 284]
70,[106, 284]
92,[228, 284]
173,[317, 284]
174,[318, 284]
60,[125, 285]
56,[137, 285]
68,[194, 285]
70,[197, 285]
108,[246, 285]
80,[211, 286]
109,[58, 287]
80,[94, 287]
56,[157, 287]
56,[158, 287]
61,[178, 287]
87,[219, 287]
147,[288, 287]
106,[62, 288]
76,[101, 288]
59,[135, 288]
71,[195, 288]
75,[201, 288]
77,[101, 289]
122,[45, 290]
114,[54, 290]
61,[133, 290]
73,[195, 290]
87,[217, 290]
157,[298, 290]
80,[99, 291]
63,[131, 291]
64,[175, 291]
72,[193, 291]
82,[209, 291]
111,[59, 292]
133,[34, 293]
126,[42, 293]
84,[94, 293]
82,[98, 294]
75,[193, 294]
79,[201, 294]
81,[102, 295]
64,[158, 295]
73,[189, 295]
90,[216, 295]
87,[94, 296]
100,[229, 296]
74,[118, 297]
76,[191, 297]
91,[216, 297]
127,[261, 298]
90,[212, 299]
93,[89, 300]
91,[92, 300]
79,[113, 300]
77,[187, 300]
85,[203, 300]
91,[212, 300]
97,[84, 301]
83,[197, 301]
138,[271, 301]
88,[205, 302]
87,[103, 303]
72,[163, 303]
84,[196, 303]
94,[213, 303]
86,[109, 306]
84,[191, 306]
88,[106, 307]
96,[212, 307]
129,[49, 309]
90,[197, 309]
90,[107, 310]
85,[182, 311]
144,[272, 311]
92,[196, 312]
159,[15, 313]
116,[69, 313]
101,[211, 313]
124,[246, 313]
83,[164, 314]
90,[188, 314]
97,[201, 315]
147,[31, 316]
139,[41, 316]
86,[159, 317]
94,[192, 317]
100,[202, 318]
108,[216, 318]
114,[225, 319]
141,[263, 319]
155,[25, 320]
100,[198, 320]
109,[216, 320]
139,[260, 320]
110,[214, 322]
114,[222, 322]
115,[223, 322]
154,[28, 323]
122,[231, 324]
164,[17, 325]
100,[117, 325]
112,[92, 326]
115,[217, 326]
121,[226, 327]
123,[229, 327]
185,[311, 327]
117,[86, 328]
97,[144, 328]
123,[229, 328]
156,[31, 330]
168,[16, 331]
166,[19, 331]
126,[74, 331]
143,[255, 331]
118,[214, 332]
155,[270, 332]
155,[34, 333]
149,[261, 333]
146,[255, 335]
152,[41, 336]
106,[172, 336]
162,[275, 337]
160,[33, 338]
171,[20, 340]
129,[83, 341]
110,[165, 341]
172,[20, 342]
169,[24, 342]
167,[26, 342]
133,[227, 342]
124,[202, 345]
120,[119, 347]
116,[160, 347]
164,[37, 348]
190,[302, 349]
181,[16, 351]
164,[40, 352]
137,[86, 352]
185,[293, 352]
194,[1, 353]
176,[24, 353]
171,[34, 355]
175,[31, 358]
136,[189, 362]
176,[35, 363]
183,[26, 364]
169,[48, 365]
172,[45, 366]
183,[29, 367]
138,[180, 367]
174,[44, 368]
146,[100, 368]
180,[270, 368]
179,[39, 370]
178,[43, 372]
195,[287, 373]
184,[36, 374]
181,[40, 374]
176,[49, 374]
182,[40, 375]
148,[118, 376]
145,[167, 376]
173,[248, 376]
181,[45, 377]
149,[184, 377]
191,[33, 381]
186,[42, 381]
183,[50, 383]
172,[70, 383]
192,[40, 387]
204,[283, 388]
187,[247, 393]
166,[119, 394]
199,[38, 395]
194,[47, 395]
168,[191, 395]
167,[158, 398]
188,[71, 401]
200,[47, 402]
177,[200, 402]
195,[246, 402]
202,[261, 402]
173,[147, 404]
187,[218, 406]
216,[278, 407]
199,[243, 409]
196,[234, 410]
206,[253, 411]
216,[273, 411]
182,[165, 413]
207,[59, 417]
195,[92, 417]
207,[62, 418]
208,[243, 419]
196,[201, 421]
212,[58, 422]
210,[63, 422]
201,[95, 424]
213,[66, 426]
196,[148, 427]
220,[53, 428]
215,[65, 428]
225,[54, 434]
227,[61, 439]
219,[216, 441]
228,[72, 445]
229,[72, 446]
228,[75, 446]
225,[185, 17]
224,[158, 20]
222,[171, 26]
221,[196, 33]
220,[118, 36]
220,[178, 40]
220,[179, 40]
218,[195, 41]
225,[231, 43]
219,[128, 47]
214,[97, 49]
213,[151, 60]
210,[230, 64]
218,[185, 65]
208,[74, 68]
208,[109, 69]
207,[70, 77]
213,[152, 80]
217,[203, 82]
205,[143, 83]
216,[100, 85]
211,[197, 88]
203,[208, 88]
201,[120, 91]
205,[104, 96]
200,[87, 101]
201,[280, 105]
212,[159, 107]
199,[98, 109]
198,[61, 110]
196,[127, 113]
208,[285, 114]
209,[254, 115]
192,[133, 118]
196,[186, 118]
203,[257, 121]
206,[227, 123]
194,[284, 127]
187,[49, 133]
210,[287, 133]
184,[204, 134]
182,[204, 135]
201,[87, 138]
180,[87, 139]
195,[195, 139]
174,[235, 139]
194,[224, 140]
199,[186, 142]
170,[111, 144]
184,[187, 146]
173,[245, 146]
173,[209, 150]
186,[237, 151]
196,[285, 152]
199,[203, 154]
169,[50, 156]
166,[178, 156]
178,[248, 156]
198,[145, 157]
178,[120, 160]
193,[32, 162]
165,[110, 162]
149,[50, 163]
158,[56, 163]
187,[49, 167]
188,[230, 168]
184,[153, 169]
156,[61, 170]
171,[61, 171]
145,[96, 171]
157,[64, 172]
152,[41, 173]
188,[64, 173]
189,[127, 173]
191,[41, 175]
168,[43, 176]
148,[40, 177]
187,[116, 177]
188,[61, 178]
163,[64, 179]
161,[53, 180]
163,[61, 180]
156,[93, 181]
139,[151, 181]
186,[209, 181]
175,[47, 182]
168,[47, 183]
165,[89, 184]
165,[71, 185]
142,[62, 186]
161,[157, 186]
155,[284, 186]
155,[47, 187]
176,[269, 191]
155,[65, 192]
142,[81, 193]
185,[33, 194]
143,[58, 194]
121,[74, 194]
156,[78, 194]
130,[58, 195]
137,[65, 195]
135,[50, 197]
118,[78, 197]
151,[55, 198]
174,[69, 199]
155,[162, 199]
116,[55, 200]
184,[70, 200]
111,[76, 200]
157,[153, 200]
128,[78, 202]
171,[86, 202]
179,[75, 203]
177,[134, 203]
172,[104, 204]
145,[33, 205]
171,[76, 205]
175,[59, 206]
173,[60, 206]
98,[66, 207]
173,[67, 207]
174,[76, 207]
99,[82, 207]
99,[248, 207]
125,[83, 208]
92,[38, 209]
95,[57, 209]
97,[196, 209]
90,[57, 210]
113,[71, 210]
91,[64, 211]
160,[90, 212]
183,[139, 212]
94,[279, 212]
93,[23, 213]
123,[43, 214]
93,[50, 214]
147,[79, 214]
90,[47, 215]
148,[61, 215]
146,[87, 215]
100,[125, 215]
135,[152, 215]
113,[39, 216]
157,[55, 217]
116,[77, 217]
93,[83, 217]
124,[46, 218]
117,[55, 218]
80,[70, 218]
118,[93, 218]
74,[62, 219]
143,[83, 219]
145,[269, 219]
143,[52, 220]
142,[216, 220]
76,[86, 221]
144,[102, 221]
142,[297, 221]
115,[65, 222]
146,[85, 222]
95,[93, 222]
147,[136, 222]
131,[165, 223]
124,[49, 224]
122,[90, 224]
113,[32, 225]
95,[195, 225]
114,[74, 227]
164,[55, 228]
104,[80, 228]
97,[47, 229]
159,[74, 233]
140,[58, 234]
133,[165, 235]
113,[44, 236]
104,[41, 237]
85,[304, 237]
62,[59, 238]
112,[194, 239]
103,[21, 240]
114,[62, 240]
70,[72, 240]
167,[79, 240]
139,[79, 241]
74,[82, 241]
134,[193, 241]
84,[252, 241]
62,[43, 242]
85,[80, 243]
85,[200, 243]
112,[193, 244]
92,[56, 245]
66,[187, 246]
91,[101, 247]
108,[193, 248]
114,[300, 248]
148,[65, 249]
111,[91, 250]
92,[193, 250]
82,[51, 251]
50,[125, 251]
73,[158, 251]
82,[186, 251]
65,[97, 252]
123,[218, 252]
76,[244, 252]
81,[88, 253]
86,[97, 253]
105,[103, 253]
142,[107, 253]
150,[218, 253]
170,[221, 253]
124,[273, 254]
90,[70, 255]
45,[87, 255]
145,[105, 255]
85,[155, 255]
90,[155, 256]
135,[186, 256]
73,[199, 256]
126,[217, 256]
49,[312, 256]
161,[85, 257]
74,[60, 258]
140,[83, 258]
136,[104, 258]
115,[168, 258]
52,[57, 259]
39,[87, 259]
140,[183, 259]
125,[195, 259]
115,[314, 259]
51,[65, 260]
34,[86, 260]
108,[314, 260]
31,[142, 261]
31,[153, 261]
135,[175, 261]
81,[182, 262]
64,[189, 262]
135,[83, 263]
59,[83, 264]
58,[100, 264]
42,[138, 264]
28,[161, 264]
55,[74, 265]
30,[98, 265]
137,[121, 265]
65,[174, 265]
42,[182, 265]
27,[82, 266]
26,[88, 266]
26,[90, 266]
49,[158, 266]
53,[179, 266]
54,[194, 266]
66,[97, 267]
33,[118, 267]
53,[151, 267]
59,[197, 267]
137,[86, 268]
27,[172, 268]
31,[251, 268]
46,[194, 269]
128,[196, 269]
66,[70, 270]
25,[118, 270]
133,[147, 270]
131,[115, 271]
126,[180, 271]
29,[192, 271]
16,[64, 272]
91,[66, 272]
97,[74, 272]
127,[127, 272]
91,[195, 272]
67,[84, 273]
156,[90, 273]
149,[116, 273]
16,[169, 273]
19,[90, 274]
131,[116, 274]
51,[124, 274]
113,[199, 275]
147,[71, 276]
147,[112, 276]
132,[86, 277]
18,[89, 277]
23,[119, 277]
96,[191, 277]
43,[275, 277]
21,[73, 278]
104,[104, 278]
141,[199, 279]
130,[229, 279]
113,[240, 279]
125,[276, 279]
15,[52, 280]
142,[63, 280]
158,[77, 280]
46,[273, 280]
71,[77, 281]
77,[220, 281]
151,[90, 282]
118,[189, 282]
13,[272, 282]
8,[273, 282]
137,[87, 283]
0,[100, 283]
71,[128, 283]
5,[228, 283]
122,[238, 283]
68,[248, 283]
31,[277, 283]
77,[75, 284]
44,[89, 284]
12,[98, 284]
70,[106, 284]
124,[228, 284]
24,[317, 284]
139,[318, 284]
86,[125, 285]
155,[137, 285]
157,[194, 285]
134,[197, 285]
133,[246, 285]
24,[211, 286]
25,[58, 287]
137,[94, 287]
62,[157, 287]
40,[158, 287]
137,[178, 287]
111,[219, 287]
37,[288, 287]
25,[62, 288]
138,[101, 288]
139,[135, 288]
159,[195, 288]
97,[201, 288]
64,[101, 289]
136,[45, 290]
95,[54, 290]
101,[133, 290]
159,[195, 290]
99,[217, 290]
152,[298, 290]
137,[99, 291]
50,[131, 291]
109,[175, 291]
115,[193, 291]
101,[209, 291]
148,[59, 292]
141,[34, 293]
95,[42, 293]
163,[94, 293]
109,[98, 294]
103,[193, 294]
76,[201, 294]
146,[102, 295]
111,[158, 295]
103,[189, 295]
71,[216, 295]
76,[94, 296]
33,[229, 296]
73,[118, 297]
50,[191, 297]
97,[216, 297]
104,[261, 298]
111,[212, 299]
33,[89, 300]
140,[92, 300]
34,[113, 300]
126,[187, 300]
139,[203, 300]
112,[212, 300]
142,[84, 301]
158,[197, 301]
28,[271, 301]
106,[205, 302]
57,[103, 303]
29,[163, 303]
107,[196, 303]
114,[213, 303]
31,[109, 306]
31,[191, 306]
33,[106, 307]
112,[212, 307]
31,[49, 309]
48,[197, 309]
34,[107, 310]
109,[182, 311]
84,[272, 311]
85,[196, 312]
152,[15, 313]
58,[69, 313]
52,[211, 313]
164,[246, 313]
88,[164, 314]
60,[188, 314]
81,[201, 315]
62,[31, 316]
86,[41, 316]
167,[159, 317]
146,[192, 317]
85,[202, 318]
40,[216, 318]
48,[225, 319]
42,[263, 319]
47,[25, 320]
83,[198, 320]
88,[216, 320]
46,[260, 320]
101,[214, 322]
94,[222, 322]
47,[223, 322]
95,[28, 323]
58,[231, 324]
53,[17, 325]
102,[117, 325]
145,[92, 326]
107,[217, 326]
56,[226, 327]
49,[229, 327]
53,[311, 327]
98,[86, 328]
51,[144, 328]
54,[229, 328]
67,[31, 330]
74,[16, 331]
112,[19, 331]
55,[74, 331]
97,[255, 331]
134,[214, 332]
59,[270, 332]
57,[34, 333]
54,[261, 333]
68,[255, 335]
79,[41, 336]
145,[172, 336]
94,[275, 337]
110,[33, 338]
131,[20, 340]
105,[83, 341]
144,[165, 341]
148,[20, 342]
99,[24, 342]
57,[26, 342]
58,[227, 342]
104,[202, 345]
91,[119, 347]
161,[160, 347]
114,[37, 348]
112,[302, 349]
84,[16, 351]
60,[40, 352]
68,[86, 352]
128,[293, 352]
69,[1, 353]
152,[24, 353]
176,[34, 355]
110,[31, 358]
93,[189, 362]
64,[35, 363]
111,[26, 364]
153,[48, 365]
132,[45, 366]
79,[29, 367]
66,[180, 367]
68,[44, 368]
114,[100, 368]
85,[270, 368]
130,[39, 370]
96,[43, 372]
76,[287, 373]
102,[36, 374]
137,[40, 374]
170,[49, 374]
174,[40, 375]
71,[118, 376]
161,[167, 376]
72,[248, 376]
158,[45, 377]
72,[184, 377]
164,[33, 381]
81,[42, 381]
123,[50, 383]
126,[70, 383]
75,[40, 387]
94,[283, 388]
128,[247, 393]
94,[119, 394]
131,[38, 395]
129,[47, 395]
95,[191, 395]
106,[158, 398]
81,[71, 401]
84,[47, 402]
116,[200, 402]
108,[246, 402]
93,[261, 402]
146,[147, 404]
90,[218, 406]
83,[278, 407]
122,[243, 409]
142,[234, 410]
97,[253, 411]
140,[273, 411]
92,[165, 413]
91,[59, 417]
85,[92, 417]
85,[62, 418]
144,[243, 419]
85,[201, 421]
154,[58, 422]
165,[63, 422]
148,[95, 424]
94,[66, 426]
88,[148, 427]
169,[53, 428]
131,[65, 428]
105,[54, 434]
90,[61, 439]
172,[216, 441]
173,[72, 445]
172,[72, 446]
135,[75, 446]
99,[266, 82]
175,[268, 82]
93,[263, 84]
106,[209, 85]
189,[61, 86]
147,[142, 86]
117,[87, 87]
113,[100, 88]
149,[275, 88]
187,[277, 88]
100,[279, 88]
147,[62, 89]
127,[194, 89]
103,[275, 90]
116,[277, 90]
130,[67, 91]
162,[233, 91]
157,[62, 94]
105,[228, 94]
194,[120, 95]
119,[279, 95]
108,[39, 97]
108,[50, 97]
154,[54, 98]
129,[52, 99]
131,[87, 104]
194,[252, 104]
173,[59, 106]
173,[245, 106]
114,[276, 106]
177,[59, 107]
114,[82, 107]
127,[290, 107]
189,[78, 108]
129,[157, 110]
141,[51, 112]
122,[98, 112]
123,[79, 115]
141,[82, 115]
137,[124, 116]
184,[250, 116]
128,[283, 116]
186,[46, 117]
202,[183, 119]
173,[299, 120]
141,[133, 121]
192,[39, 122]
205,[224, 124]
186,[286, 124]
194,[297, 125]
209,[7, 129]
197,[291, 129]
166,[46, 131]
169,[291, 131]
177,[298, 134]
213,[296, 135]
141,[179, 136]
141,[297, 136]
147,[298, 136]
189,[190, 139]
158,[191, 139]
146,[238, 139]
171,[171, 140]
168,[181, 140]
198,[186, 140]
212,[164, 141]
198,[221, 141]
192,[172, 142]
161,[286, 142]
205,[313, 143]
148,[191, 145]
197,[190, 146]
171,[241, 146]
174,[111, 147]
193,[30, 148]
216,[117, 148]
201,[28, 149]
205,[30, 149]
200,[212, 150]
199,[261, 150]
159,[233, 151]
208,[288, 152]
164,[65, 153]
164,[204, 153]
190,[53, 155]
169,[63, 155]
186,[181, 156]
174,[244, 156]
171,[148, 157]
196,[28, 158]
197,[26, 159]
205,[27, 160]
176,[28, 160]
194,[123, 160]
202,[25, 162]
189,[27, 162]
209,[59, 163]
207,[22, 164]
189,[84, 164]
205,[20, 165]
188,[38, 165]
204,[46, 165]
202,[49, 165]
195,[59, 166]
214,[82, 166]
213,[57, 167]
212,[303, 167]
204,[69, 168]
196,[226, 168]
186,[298, 168]
221,[26, 169]
208,[34, 169]
207,[57, 169]
200,[68, 169]
215,[93, 169]
193,[156, 169]
196,[246, 169]
213,[69, 170]
198,[55, 171]
201,[189, 171]
214,[308, 171]
206,[26, 172]
224,[197, 172]
208,[31, 173]
204,[90, 173]
193,[130, 173]
211,[88, 175]
214,[217, 176]
217,[53, 177]
213,[77, 177]
219,[113, 177]
221,[227, 178]
222,[247, 178]
212,[253, 178]
217,[13, 179]
212,[53, 179]
210,[75, 179]
211,[87, 180]
219,[154, 181]
219,[206, 181]
210,[86, 182]
211,[196, 182]
211,[38, 183]
217,[92, 184]
236,[219, 184]
217,[225, 184]
